# sigma vs n_final results
# com_energy = 100.0
# generated  = 2026-04-21 01:06:51
#
# theory     n_final          sigma         stderr  rel_err% n_batches  n_events  time_min
  phi              2   2.049663e-14   5.036562e-16       2.5         5     25000       0.1
  phi              3   9.355814e-17   5.195717e-18       5.6         5     25000       0.1
  phi              4   4.080742e-19   2.398794e-20       5.9         5     25000       0.2
  phi              5   2.494294e-21   1.042138e-22       4.2         5     25000       0.3
  phi              6   1.616855e-23   2.591728e-25       1.6         5     25000       0.8
  yukawa           2   7.078881e-08   6.716323e-09       9.5         8     40000       0.2
  yukawa           3   1.091316e-07   1.022591e-08       9.4         5     25000       0.4
  yukawa           4   1.322568e-07   7.797124e-09       5.9         5     25000       0.9
  yukawa           5   2.127794e-07   2.017680e-08       9.5         5     25000       2.2
  yukawa           6   1.160950e-07   6.679234e-09       5.8         5     25000       5.5
  qed              2   3.657553e-06   3.127972e-06      85.5        21    420000      10.0
  qed              3   7.831114e-05   1.696857e-05      21.7        37    740000      91.9
  qed              4   2.690751e-03   6.656473e-04      24.7        21    105000      68.2
  qed              5   1.666621e-02   2.157717e-03      12.9         3      3000      10.1
