# sigma vs n_final results
# com_energy = 100.0
# generated  = 2026-04-21 01:32:00
#
# theory     n_final          sigma         stderr  rel_err% n_batches  n_events  time_min
  phi              2   2.005539e-14   3.706414e-16       1.8         5     25000       0.1
  phi              3   9.540894e-17   3.151787e-18       3.3         5     25000       0.1
  phi              4   4.539969e-19   4.093136e-20       9.0         5     25000       0.1
  phi              5   2.222719e-21   7.791378e-23       3.5         5     25000       0.3
  phi              6   1.634048e-23   3.032279e-25       1.9         5     25000       0.7
  yukawa           2   2.856905e-08   3.005730e-10       1.1         5     25000       0.2
  yukawa           3   1.141797e-07   6.302506e-09       5.5         5     25000       0.4
  yukawa           4   1.839226e-07   1.466841e-08       8.0         5     25000       0.9
  yukawa           5   2.097090e-07   7.276924e-09       3.5         5     25000       2.2
  yukawa           6   2.346699e-07   1.090131e-08       4.6         5     25000       6.0
  qed              2   1.360423e-07   1.169584e-09       0.9         5    100000       2.1
  qed              3   1.588108e-05   2.371236e-06      14.9        22    440000      54.8
  qed              4   4.955209e-04   7.615161e-05      15.4         3     15000       9.9
  qed              5   1.123173e-02   3.157413e-03      28.1         3      3000      10.2
